$ 3 0.000005 0.8729138363720133 38 5 50 5e-11
f 200 144 248 144 33 2 2
f 200 304 248 304 32 1.5 10
w 248 160 248 176 0
w 248 288 248 272 0
w 248 320 248 352 0
w 248 128 248 80 0
g 248 368 248 400 0 0
R 304 80 304 32 0 0 40 24 0 0 0.5
r 168 144 168 80 0 4700
r 152 144 88 144 0 4700
r 152 304 88 304 0 1000
w 200 304 152 304 0
w 152 144 168 144 0
w 168 144 200 144 0
w 168 80 248 80 0
w 88 144 56 144 0
w 88 304 56 304 0
s -40 160 -72 160 0 0 false
s 56 304 -24 304 0 1 false
R -24 304 -72 304 0 0 40 5 0 0 0.5
l 312 224 344 224 0 0.00011999999999999999 3.009562371738151e-7 0
r 272 224 312 224 0 12
r -40 160 8 160 0 2700
R -72 160 -104 160 0 0 40 5 0 0 0.5
t 8 160 56 160 0 1 0.6070322716173523 0.640424411138563 100 default
w 248 352 248 368 0
g 56 176 56 208 0 0
g 512 176 512 208 0 0
R 656 160 704 160 0 0 40 5 0 0 0.5
r 576 160 624 160 0 2700
R 656 304 712 304 0 0 40 5 0 0 0.5
s 656 304 600 304 0 1 false
s 656 160 624 160 0 1 false
r 600 304 536 304 0 1000
r 512 144 448 144 0 4700
r 448 144 448 80 0 4700
f 448 144 360 144 33 2 2
f 448 304 360 304 32 1.5 10
g 360 368 360 400 0 0
w 536 304 448 304 0
t 576 160 512 160 0 1 -23.739283222186643 0.26069392070860253 100 default
w 448 80 360 80 0
w 360 80 360 128 0
w 272 80 304 80 0
w 360 160 360 176 0
w 360 272 360 288 0
w 304 80 344 80 0
w 248 176 248 224 0
w 248 224 248 272 0
w 360 224 360 272 0
w 360 176 360 224 0
w 344 224 360 224 0
w 272 224 248 224 0
w 344 80 360 80 0
w 272 80 248 80 0
w 272 368 248 368 0
w 344 368 360 368 0
w 360 368 360 320 0
o 47 2 0 4099 40 3.2 0 2 47 3
o 44 2 0 4099 40 1.6 1 2 44 3
