$ 3 0.000005 0.8729138363720133 38 5 50 5e-11
f 200 144 248 144 33 2 2
f 200 304 248 304 32 1.5 10
w 248 160 248 176 0
w 248 288 248 272 0
w 248 320 248 352 0
w 248 128 248 80 0
g 248 368 248 400 0 0
R 304 80 304 32 0 0 40 24 0 0 0.5
r 168 144 168 80 0 10000
r 152 144 88 144 0 10000
r 152 304 88 304 0 1000
w 200 304 152 304 0
w 152 144 168 144 0
w 168 144 200 144 0
w 168 80 248 80 0
w 88 144 56 144 0
w 88 304 56 304 0
l 312 224 360 224 0 0.000056 -3.346248623244813e-10 0
r 248 224 312 224 0 12
r -40 160 8 160 0 2700
t 8 160 56 160 0 1 -23.99999897093004 6.506999721296167e-8 100 default
w 248 352 248 368 0
g 56 176 56 208 0 0
g 512 176 512 208 0 0
r 576 160 624 160 0 2700
r 600 304 536 304 0 1000
r 512 144 448 144 0 4700
r 448 144 448 80 0 4700
f 448 144 360 144 33 2 2
f 448 304 360 304 32 1.5 10
g 360 320 360 400 0 0
w 536 304 448 304 0
t 576 160 512 160 0 1 -23.99999948185001 6.50699985924456e-8 100 default
w 448 80 360 80 0
w 360 80 360 128 0
w 248 80 304 80 0
w 360 160 360 176 0
w 360 272 360 288 0
w 304 80 360 80 0
w 248 176 248 224 0
w 248 224 248 272 0
w 360 224 360 272 0
w 360 176 360 224 0
R -40 160 -128 160 0 2 400 2.5 2.5 0 0.25
R 600 304 712 304 0 2 400 2.5 2.5 -0.39269908169872414 0.125
R 56 304 -120 304 0 2 400 2.5 2.5 3.141592653589793 0.25
R 624 160 712 160 0 2 400 2.5 2.5 2.748893571891069 0.125
o 0 1 0 4099 40 3.2 0 2 0 3
o 43 1 0 4098 5 0.0125 1 8 43 3 44 0 44 3 45 0 45 3 46 0 46 3
