$ 1 0.000005 7.010541234668786 50 5 50 5e-11
r 576 256 576 352 0 4700
r 656 256 656 352 0 4700
w 576 400 272 400 0
w 656 464 400 464 0
R 576 160 576 96 0 0 40 5 0 0 0.5
R 656 160 656 96 0 0 40 5 0 0 0.5
w 576 400 816 400 0
w 656 464 704 464 0
f 208 416 272 416 32 1.5 0.02
f 304 480 400 480 32 1.5 0.02
g 400 496 400 560 0 0
g 272 432 272 560 0 0
w 304 480 208 480 0
R 208 416 128 416 0 2 40 2.5 2.5 0 0.15
R 208 480 128 480 0 2 40 2.5 2.5 1.5707963267948966 0.15
R 1248 480 1312 480 0 2 40 2.5 2.5 4.71238898038469 0.15
R 1264 416 1312 416 0 2 40 2.5 2.5 3.141592653589793 0.15
g 1104 432 1104 688 0 0
g 1184 496 1184 688 0 0
f 1264 416 1104 416 32 1.5 0.02
f 1248 480 1184 480 32 1.5 0.02
w 1024 400 1104 400 0
w 1184 464 1024 464 0
O 272 400 272 336 1 1
O 1104 400 1104 336 1 1
O 400 464 400 432 1 1
O 1184 464 1184 432 1 1
w 576 352 576 400 0
w 656 352 656 464 0
f 512 240 576 240 41 1.5 0.02
f 512 176 576 176 33 1.5 0.02
f 720 176 656 176 33 1.5 0.02
f 720 240 656 240 41 1.5 0.02
w 656 192 656 224 0
w 576 192 576 224 0
w 512 176 512 240 0
w 720 176 720 240 0
w 720 176 720 48 0
w 720 48 512 48 0
w 512 48 512 176 0
R 208 240 160 240 0 0 40 5 0 0 0.5
f 304 240 384 240 32 1.5 0.02
g 384 256 384 288 0 0
w 384 176 384 224 0
w 512 176 384 176 0
r 384 176 384 112 0 10000
R 384 112 384 48 0 0 40 5 0 0 0.5
f 720 528 720 464 41 1.05 8
f 832 528 832 400 41 1.05 8
w 720 528 832 528 0
w 736 464 1024 464 0
w 1024 400 848 400 0
R 640 528 640 480 0 0 40 5 0 0 0.5
s 208 240 304 240 0 0 false
s 512 608 592 608 0 1 false
r 640 528 640 592 0 1000
f 592 608 640 608 32 1.5 0.02
g 640 624 640 656 0 0
w 640 592 720 592 0
w 720 592 720 528 0
R 512 608 464 608 0 0 40 5 0 0 0.5
