$ 1 0.000005 0.10425469051899915 56 5 50 5e-11
165 208 144 320 144 4 0
w 208 176 208 272 0
w 208 176 176 176 0
w 176 176 176 272 0
c 176 272 176 320 0 0.000001 0.004995004995004998 0.001
g 176 320 176 336 0 0
r 176 176 176 112 0 10000
R 272 112 320 112 0 0 40 5 0 0 0.5
O 336 208 400 208 0 0
r 80 112 80 240 0 1000
c 80 304 80 240 0 1e-8 -5 0.001
L 80 112 0 112 0 1 true 5 0
g 304 304 304 320 0 0
g 80 304 80 336 0 0
w 80 240 208 240 0
w 272 112 176 112 0
w 80 112 80 96 0
w 80 96 336 96 0
w 336 96 336 176 0
c 272 304 272 400 0 1e-8 3.333333333333337 0.001
g 272 400 272 416 0 0
o 11 1 0 4102 5 0.00009765625 0 2 11 3
o 8 1 0 4102 5 0.00009765625 0 1
