$ 1 0.000005 10.20027730826997 50 5 50 5e-11
f 560 128 560 240 32 1.5 0.02
r 496 128 496 240 0 10000
r 624 128 624 240 0 10000
w 496 240 544 240 0
w 576 240 624 240 0
w 560 128 496 128 0
R 496 128 496 48 0 0 40 3.3 0 0 0.5
R 624 128 624 48 0 0 40 5 0 0 0.5
R 496 240 384 240 0 2 100 1.65 1.65 0 0.5
O 624 240 752 240 1 1
O 496 480 368 480 1 1
R 624 480 752 480 0 2 100 2.5 2.5 0 0.5
R 624 368 624 288 0 0 40 5 0 0 0.5
R 496 368 496 288 0 0 40 3.3 0 0 0.5
w 560 368 496 368 0
w 576 480 624 480 0
w 496 480 544 480 0
r 624 368 624 480 0 10000
r 496 368 496 480 0 10000
f 560 368 560 480 32 1.5 0.02
f 1072 368 1072 480 32 1.5 0.02
r 1008 368 1008 480 0 10000
r 1136 368 1136 480 0 10000
w 1008 480 1056 480 0
w 1088 480 1136 480 0
w 1072 368 1008 368 0
R 1008 368 1008 288 0 0 40 5 0 0 0.5
R 1136 368 1136 288 0 0 40 5 0 0 0.5
R 1136 480 1264 480 0 2 100 2.5 2.5 0 0.5
O 1008 480 880 480 1 1
O 1136 240 1264 240 1 1
R 1008 240 896 240 0 2 100 2.5 2.5 0 0.5
R 1136 128 1136 48 0 0 40 5 0 0 0.5
R 1008 128 1008 48 0 0 40 5 0 0 0.5
w 1072 128 1008 128 0
w 1088 240 1136 240 0
w 1008 240 1056 240 0
r 1136 128 1136 240 0 10000
r 1008 128 1008 240 0 10000
f 1072 128 1072 240 32 1.5 0.02
f 528 688 576 688 32 1.5 0.02
r 688 560 688 624 0 10000
w 576 624 576 672 0
R 688 560 688 528 0 0 40 5 0 0 0.5
g 576 704 576 752 0 0
r 480 688 480 736 0 10000
R 480 688 368 688 0 2 100 1.65 1.65 0 0.5
w 688 624 576 624 0
O 688 624 752 624 1 1
O 1200 624 1264 624 1 1
w 1200 624 1088 624 0
R 992 688 880 688 0 2 100 2.5 2.5 0 0.5
r 992 688 992 752 0 10000
g 1088 704 1088 752 0 0
R 1200 560 1200 528 0 0 40 5 0 0 0.5
w 1088 624 1088 672 0
r 1200 560 1200 624 0 10000
f 1040 688 1088 688 32 1.5 0.02
r 480 688 528 688 0 1000
r 992 688 1040 688 0 1000
g 480 736 480 768 0 0
g 992 752 992 784 0 0
