$ 1 0.000005 10.20027730826997 50 5 50 5e-11
401 528 272 752 272 1 8\s15\s-15\s1000000\s2.5049999999999994\s2.5\s100000 0\s20\s10000000000 1\s0
401 528 416 752 416 1 8\s15\s-15\s1000000\s2.5\s1.7534999999999996\s100000 0\s20\s10000000000 1\s0
r 464 128 464 224 0 56000
r 464 304 464 368 0 2400
r 464 464 464 560 0 5600
g 464 560 464 608 0 0
w 176 128 464 128 0
w 464 224 464 256 0
w 528 256 352 256 0
w 464 304 464 256 0
w 464 368 464 400 0
w 464 464 464 400 0
O 528 224 528 176 1 0
O 528 400 528 352 1 0
172 176 128 64 128 0 7 20.04 30 18 0 0.5 Voltage
R 352 432 224 432 0 0 40 2.5 0 0 0.5
w 352 256 352 432 0
r 752 272 752 128 0 1000
r 816 416 816 304 0 1000
w 816 416 752 416 0
w 816 304 816 128 0
w 816 128 752 128 0
w 752 128 464 128 0
w 528 432 352 432 0
f 1008 272 1104 272 32 1.5 0.02
f 1152 368 1280 368 32 1.5 0.02
w 816 416 1152 416 0
w 1152 416 1152 368 0
w 1008 272 752 272 0
w 1104 288 1104 320 0
w 1104 320 1280 320 0
w 1280 320 1280 352 0
g 1280 384 1280 496 0 0
r 1104 256 1104 176 0 56000
f 1104 176 1104 128 41 1.5 0.02
w 976 128 816 128 0
w 1120 128 1424 128 0
r 1424 128 1424 336 0 1000
g 1424 336 1424 432 0 0
w 1024 128 1088 128 0
w 1104 176 1024 176 0
34 zener-5.6-2 1 1.7143528192810002e-7 0 2.0000000000000084 5.6 1
z 1024 176 1024 128 2 zener-5.6-2
w 528 400 464 400 0
w 528 224 464 224 0
w 528 288 464 304 0
O 1104 176 1200 176 1 0
w 1024 176 976 176 0
r 976 176 976 128 0 10000
w 976 128 1024 128 0
